1    0.834621019083294
2    0.9762827750192921
3    0.7230575480238273
4    0.9793724040382958
5    0.8584949580797889
6    0.8605723284627479
7    0.7163651270680209
8    0.8998867982697504
9    0.8366637124398543
10    0.7486945004642672
11    0.9195980853594555
12    0.7889151802179107
13    0.9195980853594555
14    0.9108720423182114
15    0.7903893943922515
16    0.9107113274466467
17    0.9641851913078283
18    0.770674266603379
19    0.8601134617847861
20    0.9255864638091458
21    0.792876294057095
22    0.9360176555750155
23    0.7675946831696768
24    0.9064843795514933
25    0.889287730631791
26    0.8323551282364512
27    0.89056327587825
28    0.7309686285767125
29    0.826589996771356
30    0.9375715616860119
31    0.843441820871413
32    0.8962262030168466
33    0.8613123229665386
34    0.8571049877108055
35    0.9503845160522799
36    0.8355863359434663
37    0.893721850530378
38    0.9525296315259036
39    0.931033166119227
40    0.831832584424309
41    0.7844243396568505
42    0.7842445606809406
43    0.7567894616733423
44    0.9335922631106449
45    0.8956989406487108
46    0.9360176555750155
47    0.7571762271606346
48    0.835367754890114
49    0.8588010915676012
50    0.9123738693663356
51    0.9496429004522856
52    0.8821822548855235
53    0.8315116442231308
54    0.9793724040382958
55    0.8752339597908915
56    0.7744114494926981
57    0.9525296315259036
58    0.8638240902578004
59    0.8896349076501083
60    0.7949986995655492
61    0.8654413963061295
62    0.8628314912895038
63    0.9124943544320685
64    0.891913960178073
65    0.8744290437165472
66    0.7766323647168499
67    0.9374153564069743
68    0.9283294114170885
69    0.8995925972070319
70    0.8652101626537058
71    0.8888281189133679
72    0.8809329880486836
73    0.8662240436904594
74    0.8095765452795547
75    0.7370827396681476
76    0.7949986995655492
77    0.8324282652571042
78    0.805114682306307
79    0.9377629338395713
80    0.9762827750192921
81    0.7782391926766594
82    0.868306764225759
83    0.7846242184685812
84    0.9231215608422322
85    0.7291287490590097
86    0.7859767671305335
87    0.9641851913078283
88    0.8839140696581098
89    0.8959183296278342
90    0.7750991728799513
91    0.8777946278771752
92    0.8057450303766114
93    0.9038160432877843
94    0.826589996771356
95    0.8924705235146971
96    0.8893085162587459
97    0.8199426005845347
98    0.7244858028927246
99    0.9418393890630702
100    0.8962262030168466
