0 1
4 0
8 0
74 0
9 1
16 0
18 1
22 0
35 0
29 0
275 0
30 1
42 1
31 0
39 1
51 1
40 0
62 0
99 1
92 0
295 0
66 1
86 0
10 0
129 1
49 0
241 0
144 1
158 0
75 1
106 0
72 1
13 0
150 1
64 0
93 1
193 0
146 0
128 0
224 0
285 1
41 0
65 0
245 0
231 1
105 1
252 1
103 0
212 0
121 0
272 0
138 1
59 0
175 0
27 1
202 0
167 0
3 1
264 1
215 0
48 1
53 0
257 0
242 0
266 0
261 1
15 1
291 1
71 0
98 0
276 1
54 1
7 0
97 0
221 0
96 1
125 0
273 1
76 0
217 0
222 1
286 0
63 1
19 0
200 0
166 0
176 0
293 0
197 0
219 1
151 0
254 0
183 1
288 1
189 1
186 1
201 1
178 0
60 1
5 0
