-3.665637052219615555e+00
5.330380427262995546e+00
6.129700090929119938e-01
-7.515326594950673122e-01
-2.667314208580919832e+00
2.738175347745168686e+00
1.629420760385526190e+00
3.666212134654414090e+00
-3.592635915200620422e-02
6.305395428935909458e-03
-4.424167382410032490e-02
-5.920614541820709564e-02
1.321306297985503676e-02
-7.163372661821292009e-02
-4.021677878119863520e-02
1.678057186952312471e-02
-4.512911392983931513e-02
3.374463340539075873e-02
-1.255147373879565882e-02
3.855758643251194773e-02
3.001481850664067599e-02
-1.017659871661264447e-02
3.474232890871008228e-02
-1.658139197287779310e-02
6.338417600287992761e-03
-1.886910325173893344e-02
-1.956468557700460215e-02
8.478555033125676280e-03
-2.181195068904450557e-02
-4.662810029394972439e-02
3.029982514789896636e-02
-6.618395700061600884e-02
-4.047724454868995014e-02
-1.669964904774377118e-02
-1.989892639147513090e-02
1.848223215266654382e-02
-3.438491510479919910e-02
-1.500714909642141513e-02
-5.656720629262783004e-03
8.511016412452210994e-03
-8.633435613191693669e-03
1.606420599751718498e-02
6.602645117404554696e-03
2.335403138069344370e-03
-7.141041292484913774e-03
6.419326067006631518e-03
-1.268966577717518460e-02
-5.983881287144762751e-03
-2.202065601353091467e-03
8.376618194812709972e-03
-7.805589798461412369e-03
1.507401217039085889e-02
6.805468485544341993e-03
2.487219998810395218e-03
-5.704336088384361417e-03
5.755969540054852937e-03
-1.053616255181304834e-02
-4.265939651838563003e-03
-1.534476469162917179e-03
5.132471807892700433e-04
-1.547709549468802358e-04
1.661877595745651220e-02
-4.633344614598068796e-03
1.818528484908694953e-02
1.195688277139397848e-02
7.784641292402181157e-04
1.296462280246049744e-04
-5.810037342331604571e-04
-5.036006578413861935e-03
1.690339171942755727e-03
-5.699011869313436694e-03
-3.718707459698852250e-03
-5.889646462067687398e-04
-1.157323126697019878e-03
7.964008620458165166e-04
6.420355761112266513e-04
-4.717899831545166391e-04
9.664272866088670193e-04
2.669058639005605785e-04
7.799469169078317816e-04
2.548383713546220359e-04
1.887576592285013320e-03
4.654217716928805808e-03
-1.881732066498105526e-03
-2.745919524285038438e-03
-8.906777405373864955e-04
5.298077087854564113e-04
2.247952099907339889e-03
1.798614030408740225e-04
-6.263430244194336804e-01
3.034172144070427235e-01
2.181823276025446900e-01
4.954634072587227323e-01
5.313741453106408247e-02
-1.007614058390971096e-01
2.409253592770340541e-02
2.581937564114507311e-02
-4.894909645625854927e-02
1.171135520022458312e-02
-3.193063993512882531e-02
6.011193053637592376e-02
-1.467464850355881811e-02
1.726001789289202150e-03
-1.101150144690192165e-02
9.230704164296934730e-03
-6.167314561464356908e-03
-2.820661549837650585e-03
-5.690896783186473185e-01
2.796051777458838372e-01
1.998084770985475711e-01
4.555338135420960999e-01
1.839111685317617456e-02
8.212243989183021231e-02
6.124013883358477711e-02
9.202661556528027656e-03
4.109887472019240623e-02
3.064640643079791227e-02
-1.116665678496701203e-02
-4.952842762491616729e-02
-3.703237860689156946e-02
2.153367907833598442e-03
4.691534326416422346e-03
5.423114279869478867e-03
1.229778478116270134e-02
4.179424485513423895e-03
-3.665395501289121949e+00
5.328085584623829973e+00
6.112262619196631164e-01
-7.519865439793101958e-01
-2.659687280018945277e+00
2.728725324050211398e+00
1.623549847449824002e+00
3.652893308244051784e+00
4.404182857464385842e-02
2.877087003657449737e-03
3.600194230754472785e-02
7.274624114477208636e-02
5.680165304581315071e-03
5.911206601620942747e-02
4.986248409747517929e-02
6.464680814056522271e-03
3.953552239082162162e-02
-4.170993635348366202e-02
-4.896704655704484620e-03
-3.326652858894562498e-02
-3.717759915530095827e-02
-4.015179939918610622e-03
-2.978508655648471823e-02
2.077491310786410209e-02
2.475970549796689592e-03
1.655528263905861608e-02
2.459321050389369143e-02
3.259839634573597281e-03
1.947250836993610901e-02
-4.289072327384458455e-02
-2.825617551431982427e-02
-6.771637244133330014e-02
4.318384474340013213e-02
5.552073603038537759e-03
-1.882192276878466228e-02
-1.571642198845553048e-02
-3.601421780075989010e-02
2.073850429034102341e-02
2.846709717621249101e-03
8.051284850766060597e-03
7.343572026894226897e-03
1.705489477132698245e-02
-9.541510935116039732e-03
-1.230395150774484924e-03
-6.728664641718292740e-03
-5.621455793850167922e-03
-1.330931788487637983e-02
7.721347960436662425e-03
9.596443825399474754e-04
7.892853514218634708e-03
6.776132314410027342e-03
1.593876000255408168e-02
-9.141859390696945725e-03
-1.150792999588679281e-03
-5.459573540280939462e-03
-4.843145097827857015e-03
-1.102792746734751819e-02
6.198399748091749407e-03
8.552564665154864911e-04
-3.182344007204094671e-04
3.876956345147707268e-03
-1.993354540306328457e-02
-2.527045564519263699e-03
-1.519571239770579375e-02
1.201299841317259205e-02
-5.964866479578705399e-04
-5.854925334924513172e-05
-1.327330974558680330e-03
5.998449715041776105e-03
8.461558797382990466e-04
4.622892142339267083e-03
-3.434622983958736993e-03
5.834096694237174245e-04
5.785964825464756656e-04
2.532203901622857444e-04
-6.504502487976798406e-04
-1.725695116310749840e-04
-5.600420898706338999e-04
-1.256160872228637496e-04
-1.184630381692459858e-03
2.319991051609046281e-04
-2.808243205177771672e-03
4.481484688801019682e-03
1.389576718783122221e-03
-2.785566821314930733e-03
-2.665955573123287778e-04
-1.117596683588435204e-03
-1.076029763706892479e-03
1.121556263975133941e-04
-6.157588754064670100e-01
2.997287332687819661e-01
2.153023549737472231e-01
4.892191852863921331e-01
-5.803526652723916407e-02
-9.899643598594598526e-02
-1.109326400831688389e-02
-2.835492375247372632e-02
-4.834417031817275084e-02
-5.428966837241082366e-03
3.499554279776454641e-02
5.923093789969070128e-02
6.866585058026394156e-03
4.055373817237723595e-04
1.224603064384035753e-02
8.864432879679329594e-03
3.492119793513177167e-03
-3.511539213500231970e-03
-5.967763391483846824e-01
2.919439580880056062e-01
2.091844265398292158e-01
4.759500444947364350e-01
-2.714459285512009490e-02
9.126089392204844719e-02
-5.770804281893478216e-02
-1.340082231981335262e-02
4.503423740811402648e-02
-2.848195163041970096e-02
1.650280112460245779e-02
-5.481907767960399885e-02
3.483069714307345660e-02
2.785486482641359382e-03
-6.621651708314991829e-03
6.967490603454836243e-03
-1.153206838656616398e-02
3.221781344591174989e-03
