-3.665959841714520717e+00
5.335831542751949819e+00
6.163150861673806213e-01
-7.508633570926427359e-01
-2.681453854574642914e+00
2.755030466611447348e+00
1.639849533136343407e+00
3.689922671374108010e+00
-4.525793297902908768e-02
1.167183743350947746e-02
-3.335809698494983377e-02
-7.285331774139484906e-02
1.704942817121561996e-02
-5.428234567426418883e-02
-4.462087655499824557e-02
5.529508893998140960e-03
-3.489808230703781572e-02
3.830994378273102491e-02
-5.765824716976127029e-03
2.961995644081481110e-02
3.447139136359528289e-02
-5.784272402890543001e-03
2.645171322348854881e-02
-1.840552489378058029e-02
2.603908904445458028e-03
-1.428640257301147694e-02
-2.114302175198631145e-02
2.315456224486301100e-03
-1.663840457210791907e-02
-5.457012528877216995e-02
1.989108869644239455e-02
-6.673024935772606248e-02
-4.506761445512379866e-02
7.129998937159602763e-03
-2.347788979728606187e-02
5.076736774807760581e-03
-3.040648389784412348e-02
-2.322298122370423240e-02
1.712993904280913065e-03
1.017149885284894702e-02
-1.954644443730245863e-03
1.376218537168966659e-02
1.062043766382242231e-02
-5.981694344984835911e-04
-8.484418085340551113e-03
2.143543004905501276e-03
-1.147010667152887665e-02
-8.442388555845352707e-03
6.736515672038761440e-04
9.970800697427752851e-03
-2.312474873281592565e-03
1.335620941625042905e-02
1.001065076482744905e-02
-7.345158833965978809e-04
-6.762291437259562894e-03
1.298913574639059924e-03
-9.042301477728352521e-03
-6.995089672560130326e-03
4.085969126078953435e-04
3.405212331697718246e-03
1.088444975416929562e-02
1.767758644375968385e-02
-1.268220758296097206e-02
8.138255035687685934e-03
7.010421733104611058e-03
-4.504959332305546581e-04
-7.925474736463607390e-04
-3.336512263583492517e-03
-5.965346729757322990e-03
4.072951599069728722e-03
-2.749066781129966795e-03
-2.235067379050461028e-03
-3.004575401659020928e-04
-5.336429046667225812e-04
6.160196839513157070e-04
1.264092557764444954e-03
-7.640569208324628431e-04
6.814314907338814026e-04
5.936619316441072314e-06
1.366382044690002536e-03
5.415741811029162623e-04
2.977716130497941056e-03
3.131313739761402461e-03
-3.575787923345341568e-03
-1.640916016932083632e-03
-1.550083265448872361e-03
-1.719362692429929687e-03
-9.661848937369893952e-04
-7.506491784917095197e-04
-5.643707781679987434e-01
2.770972292860965358e-01
1.980040577981292127e-01
4.515738541329010758e-01
3.981017773236563556e-02
-9.391071606293223406e-02
1.225559166912807123e-03
1.994341345875905516e-02
-4.710792434487358349e-02
5.930640844080172771e-04
-2.405536999443368129e-02
5.667156453989385251e-02
-7.654724163754535442e-04
-7.611138679485100495e-04
-9.722739382322959090e-03
1.085217195516098576e-02
-1.361411685966835289e-03
-2.064125852921445264e-03
-5.972313633020486234e-01
2.910940539524803361e-01
2.084934298687033394e-01
4.744540255957391262e-01
4.760715614241479293e-02
7.472109561859154037e-02
6.433459185366893762e-02
2.348224164105101874e-02
3.691701849717170941e-02
3.175349815775788120e-02
-2.870422595038140887e-02
-4.479678762355443489e-02
-3.870396782245913436e-02
6.297836744412118118e-03
8.871420646469870344e-03
1.845133306236790369e-03
1.052537844365093386e-02
2.350493885765663014e-03
-3.666187624602398998e+00
5.337899595067574943e+00
6.178268130182550388e-01
-7.505236502255143716e-01
-2.688009717339308047e+00
2.763123155601438175e+00
1.644981320294470972e+00
3.701656995536138695e+00
3.614009676506815816e-02
1.460681630946467947e-02
4.218004507440933915e-02
5.764273914837451940e-02
2.367593481095977073e-02
6.715513505635546665e-02
3.384142267935659476e-02
1.497782222070489534e-02
3.908073679954679469e-02
-2.943272679271666942e-02
-1.279657518808480915e-02
-3.406317025624448075e-02
-2.655638013657423552e-02
-1.142222536772105265e-02
-3.077396342328901982e-02
1.382082529458397366e-02
6.059389102389831083e-03
1.597899452314445468e-02
1.565552852815035867e-02
7.017412880461825625e-03
1.805097400653818754e-02
-6.022892919890164565e-02
-1.810667211874023713e-02
-6.718980449924188969e-02
3.633222497041908861e-02
-1.940329397489659602e-02
-2.378879279527399901e-02
-7.644882532518458562e-03
-3.129109501031807766e-02
1.647649419563682396e-02
-7.943408180139251498e-03
1.018779619135253174e-02
3.300194328953946332e-03
1.395912053500353300e-02
-7.348097346339084630e-03
3.445359670618728786e-03
-8.740685394802379798e-03
-2.746024687842677902e-03
-1.159843952973651018e-02
6.196496396858808091e-03
-2.949243300047889142e-03
1.020196432252992030e-02
3.244530410641263858e-03
1.347746308478535784e-02
-7.145097939084295996e-03
3.423442900497720293e-03
-6.657706799850437833e-03
-2.153175590137408352e-03
-9.325690706681271855e-03
4.925578037650362763e-03
-2.271766931423589448e-03
-3.482209593300560589e-03
7.161878971304239290e-03
-1.446868892868876169e-02
-1.389888478231139299e-02
-1.190338246350642129e-02
8.699645124754122605e-03
-8.053469968835095215e-04
7.974151447043552636e-04
-2.648375529046798679e-03
4.779321820578268099e-03
4.694705428666969514e-03
3.996152662536510240e-03
-2.858962529676820248e-03
4.869118687581783797e-04
1.107881483847756362e-03
1.204994361868895556e-03
-8.992695480571578828e-04
-1.086587625993827057e-03
-9.470762755423641367e-04
4.057410284523051179e-04
-7.970233185891958255e-04
9.113576302805214682e-04
-2.732639035495641831e-03
3.490696945186911541e-03
3.409228655126429492e-03
-1.135492339316619172e-03
2.899465174761054094e-03
-1.675781933312654802e-04
-5.548028022168792614e-04
-3.767631494152939506e-04
-5.768339176688178638e-01
2.819682611861411003e-01
2.014931522379548312e-01
4.592546140766754492e-01
-3.519688290198683123e-02
-9.683345839828760848e-02
-1.461639990350456150e-02
-1.754445319613987669e-02
-4.826380569228325840e-02
-7.287186687990224870e-03
2.123391522583123817e-02
5.817758600116903350e-02
8.895137285944614350e-03
3.845158127016715176e-04
8.480426636903303644e-03
1.137337224536622178e-02
4.450622479237371573e-03
-1.659460302159223612e-03
-5.698652515411037900e-01
2.789722459686747591e-01
1.992806075444906733e-01
4.544193154931973067e-01
-3.597577978774361973e-02
6.738704532434421079e-02
-6.823309701905845570e-02
-1.799151436096666293e-02
3.368919563401872458e-02
-3.411986186097556301e-02
2.171073932614824703e-02
-4.045899965133017973e-02
4.111086145063211350e-02
5.557590089570010536e-03
-6.646664725192945669e-03
9.042971750744363719e-04
-1.127608353233110899e-02
4.087020575553102809e-03
