-3.666691241856248507e+00
5.338054616715520950e+00
6.190554407857773445e-01
-7.500107835230735986e-01
-2.693981962933704732e+00
2.771723332199825141e+00
1.650876697945216964e+00
3.715346724296064718e+00
2.648051912622085419e-02
5.077610589015417453e-02
-3.071966234063468019e-03
4.157177605538882326e-02
8.010653602547920804e-02
-6.787667899159080358e-03
2.266135472585136326e-02
4.480351551684753908e-02
-9.380054830576321778e-03
-2.034211863381829924e-02
-3.995405342500774060e-02
7.099818505595385798e-03
-1.832784205953025963e-02
-3.588559545526459615e-02
5.835917012825131076e-03
8.790664447995491515e-03
1.736333099951008208e-02
-3.555705912189533694e-03
9.572092278304777588e-03
1.908651676954378415e-02
-4.770068586868186564e-03
-1.868762072415065464e-02
-6.346565947519217099e-02
-3.728091722728373025e-03
3.284646488691702997e-03
-7.894419530842777810e-02
-5.471020100829924321e-03
-2.434947974174985971e-02
-4.168177029210312135e-04
5.560606221052832344e-03
-3.308323037034831271e-02
2.126682531191013449e-03
1.026932066826892823e-02
2.964330131574636974e-04
-2.630525943314798113e-03
1.381996908130135246e-02
-2.219367504699143890e-03
-8.635066362042288779e-03
1.381433267330233632e-04
1.606112137466552932e-03
-1.212494174459214508e-02
2.341973432299109502e-03
1.026759592568496013e-02
3.309909134096618451e-04
-2.155019116348959752e-03
1.363989065627904847e-02
-1.573918596833468820e-03
-6.234170582637278517e-03
7.009468676888961367e-04
1.671533094218521009e-03
-9.900474641842771026e-03
-1.120504254035515831e-02
-2.649557896397806978e-03
1.374788018022282503e-04
1.270362673395327574e-02
1.479828379428240435e-03
-1.678914632309193647e-02
2.726793776682515536e-03
3.896156105320249495e-03
1.401396230036914279e-03
-7.406408546828246054e-04
-4.680345191781294656e-03
-8.846216153368243406e-05
5.938111486582041409e-03
-8.931654946966671119e-04
-8.763768440491000351e-04
-8.579579383258321935e-04
2.263706846051454034e-03
1.831686117502637082e-03
-4.846562037160449853e-04
-1.827424977413399368e-03
7.591228459335617931e-05
-1.323800012583137417e-04
4.509243263466607490e-03
4.178370129119065744e-04
-9.928611772867677789e-04
-3.351416592441953425e-03
-1.667361364838459916e-04
3.397712672251895858e-03
-1.265523199840290752e-03
-4.743014212924511722e-04
-5.842469132440625268e-01
2.839069659694367642e-01
2.022805979569022305e-01
4.612796292568808187e-01
-2.314410246234826704e-02
-6.007363088802697426e-02
8.113777910019676076e-02
-1.159570488506435869e-02
-2.998725642747072234e-02
4.009719627519205826e-02
1.405413329713282693e-02
3.623155582301758326e-02
-4.803165291336829179e-02
-5.031100910117948175e-03
2.789673543862621063e-03
3.457003557466047008e-04
-1.219277455834335763e-02
6.183566059349127758e-03
-5.495905434516508148e-01
2.689134294114750579e-01
1.914683057679121836e-01
4.375888262313509802e-01
-3.499428388582587202e-02
-5.201223253770970167e-02
-7.136338151794269224e-02
-1.772183698310107053e-02
-2.643106395254221988e-02
-3.568512876077889473e-02
2.112294811818439880e-02
3.157501321742423039e-02
4.217681912153094237e-02
6.804241637405780002e-03
4.613143223477219473e-03
-3.854090416952936707e-04
1.060549921536739666e-02
4.130523912100704520e-03
-3.665809459905965184e+00
5.330100187974371018e+00
6.132052779309157264e-01
-7.516883146717003861e-01
-2.668330294799087010e+00
2.739281862500674958e+00
1.630425057061998029e+00
3.668706807741007658e+00
-1.697771846329083900e-03
5.735492469580784347e-02
-8.870459095233962019e-03
-2.334544375408827751e-03
9.376663165237268671e-02
-1.445311282848141428e-02
-3.172825181407421739e-04
6.179333626805161295e-02
-9.389802991803081547e-03
5.241438455450299610e-04
-5.255191468799010751e-02
8.013630644757430491e-03
6.216268660515450548e-04
-4.693564224165136523e-02
7.174171573344865528e-03
-2.103235295563663128e-04
2.528846130076070967e-02
-3.851601416981938631e-03
-8.354418378634987958e-05
2.951417507144606447e-02
-4.477309428431882482e-03
-2.032922884007030279e-02
-4.425409885370564997e-03
-1.142713386372730573e-02
1.725669325364630538e-02
9.256942188705613583e-02
-9.484858777634051427e-03
-3.243798736261919915e-03
-3.156977988944108075e-03
7.466381328491390572e-03
4.404121699363991449e-02
4.220619347872358630e-03
1.539739115282460916e-03
9.731386073006730942e-04
-3.207260360862078039e-03
-1.967234696337952227e-02
-3.460785698109355123e-03
-1.110965203467372507e-03
-8.531330134586340066e-04
2.645548374474840630e-03
1.602575786107168429e-02
4.058791020362976024e-03
1.350503309494158243e-03
1.144211418848496914e-03
-3.140462031919457643e-03
-1.882464257082240577e-02
-2.809998712318281366e-03
-1.056907108616703898e-03
-4.262192637266481923e-04
2.076306275580118172e-03
1.312366430174002375e-02
-2.317109464769796586e-05
-4.238100195309299836e-03
-3.656116857282450377e-03
1.452309374981390795e-02
-4.147560848355779186e-04
2.180355874427106211e-02
-4.349730509282294724e-03
3.747614231626297999e-05
1.276892792711940535e-03
1.060067059952011928e-03
-5.041115077227985818e-03
3.916387918867200767e-04
-6.531240372660083136e-03
1.309526834945370097e-03
-3.654427333907104408e-05
4.640259021925201982e-06
-1.010689899552146475e-04
2.088954447439392466e-03
-7.953378832523991899e-04
1.506947923317204611e-04
-2.890705752143704881e-05
-7.717650139155804879e-04
-2.527095371197879328e-04
7.837275091573646119e-04
1.083059945585861062e-03
-3.948353807700195721e-03
4.380390390818498288e-04
-4.771986492569360930e-03
1.779135260779246769e-03
1.481252168041815014e-03
-6.021735541041753903e-01
2.928827741498404302e-01
2.095989559546458381e-01
4.769772815670251243e-01
-8.962470474989364666e-02
-6.449504804007072378e-02
-1.418575634121230613e-04
-4.404505437904555204e-02
-3.179962110354520727e-02
-5.393152361972858603e-05
5.342533074046219854e-02
3.887975774459488665e-02
1.882472588080139758e-05
-3.980895118066460174e-04
1.353894705761282680e-02
1.254299126737716628e-04
3.396140899687902486e-04
-7.519164023294131437e-03
-5.937623688089040952e-01
2.893699429839279857e-01
2.069104419982178145e-01
4.711318790121276079e-01
9.226035673544720483e-02
-5.422730135644639876e-02
1.840623234505706085e-02
4.553604243915237992e-02
-2.686826518540125566e-02
9.100302151912757764e-03
-5.510113142417692039e-02
3.277725550583967390e-02
-1.105201229621324659e-02
3.690465233628063921e-03
-1.225184328699250626e-02
-2.101195548980271978e-03
-2.115476214055700931e-03
-7.940484970949818200e-03
