-3.666240546173994641e+00
5.337329720592374649e+00
6.178046443377471775e-01
-7.502644316036387595e-01
-2.688240525907735989e+00
2.764120869098694477e+00
1.645643103768934967e+00
3.703120437656820307e+00
-3.415796084652987508e-02
-1.423802476642044637e-02
-4.384444632452403484e-02
-5.447887504701890565e-02
-2.608183711248819245e-02
-6.885037054909032284e-02
-3.197779826323918911e-02
-2.494286932873018142e-02
-3.733633558898095950e-02
2.782241956439849423e-02
1.967783078215588552e-02
3.313110058975120287e-02
2.504532486109182013e-02
1.665570266926264670e-02
3.016206925797026983e-02
-1.297631209972911412e-02
-9.667451009198002251e-03
-1.529582717121179616e-02
-1.467523308020599743e-02
-1.230571375006221137e-02
-1.685999919380858081e-02
-6.078846069179889150e-02
-1.615020350397502330e-02
-6.547254810955492610e-02
3.638879550789346495e-02
-2.559753069807339451e-02
-2.279008526108985272e-02
-1.108235355755763513e-02
-3.246439494597590236e-02
1.094408973846927938e-02
-8.598982649888918528e-03
9.668313484139153674e-03
5.053392947498600712e-03
1.452885711942209813e-02
-4.571843604400079378e-03
3.596964647892456502e-03
-8.442948165625404483e-03
-3.597352549641142337e-03
-1.181804661128645594e-02
4.672138684190650475e-03
-3.341589507419554569e-03
9.793697211512511144e-03
4.497079230971064503e-03
1.379815656314433564e-02
-5.000034643500741831e-03
3.772634160132052553e-03
-6.300121991622983919e-03
-3.302054848760168065e-03
-9.833701421212745486e-03
3.179411328823131960e-03
-2.374832562224146043e-03
2.751017438100109708e-03
-4.461556753394703596e-03
1.473618223592076254e-02
1.144550673925651130e-02
1.510725051368403023e-02
-8.854041262542024573e-03
8.416712881508929024e-04
-7.557456122072843743e-04
2.406504825043702910e-03
-4.660082547416372935e-03
-4.101693711554721400e-03
-4.958842727604129488e-03
3.155035350717596068e-03
-5.496565417564842210e-04
-9.955796990409181580e-04
-1.815071509491012662e-03
7.742059942456357233e-04
1.188899593805314370e-03
1.193406794089004776e-03
-8.123898945231289130e-04
7.472903633365736735e-04
7.845457937546970522e-04
-2.296725127621532161e-03
4.051181497163732978e-03
3.003417375177945547e-03
-1.645913720643813003e-03
2.901293195807956322e-03
3.716096871285551849e-04
-1.071299196606260735e-03
-2.103027272927773740e-04
-5.416577698890364667e-01
2.664878457100969822e-01
1.902051086076310682e-01
4.345470028861171397e-01
2.941517437475921898e-02
-6.522568918806426197e-02
6.250809076909022433e-02
1.491162220500965446e-02
-3.296997147000152451e-02
3.165718306191293158e-02
-1.779423142245322581e-02
3.923632775605617046e-02
-3.774269406976971108e-02
4.657992004068770182e-03
-5.850312432124170521e-03
1.639932670392089259e-03
-1.113192855373000556e-02
4.093070953816465782e-03
-6.041420036976545838e-01
2.933213825153627163e-01
2.099911877178026187e-01
4.777917229342755201e-01
3.917076238944240674e-02
9.985417510726556090e-02
2.359808362748523625e-02
1.927360390661450248e-02
4.912923733373754376e-02
1.161219399926660505e-02
-2.356173996167469642e-02
-5.972264833253709826e-02
-1.430348265767076438e-02
1.152266317979985756e-03
8.901075315197968033e-03
1.074941912214072773e-02
6.271932797900491366e-03
-1.595612319294989695e-03
-3.665866897003505542e+00
5.334235992518594038e+00
6.153535784974317746e-01
-7.510396323690398113e-01
-2.677403379129877692e+00
2.750234262827789600e+00
1.636877189493323392e+00
3.683156318247998939e+00
4.634523920476412567e-02
4.617429459863267409e-03
3.359971745776495211e-02
7.526897684908094577e-02
9.920295398232843384e-03
5.360086231954402231e-02
4.799877290750946546e-02
1.310784652690208558e-02
3.146913992065792504e-02
-4.082580243848817070e-02
-9.782153490851175706e-03
-2.731296047428207960e-02
-3.655384569190010813e-02
-7.932127562125143930e-03
-2.478545367465239194e-02
1.977018493323881923e-02
4.938453653216351436e-03
1.314596645138545530e-02
2.296077128072693957e-02
6.640696051346019202e-03
1.490550707691677343e-02
-4.918378927439689269e-02
-2.640494338396409332e-02
-6.305259884189157171e-02
5.066801551903046819e-02
1.011691627702300880e-02
-1.938749350802263655e-02
-1.643837089573716229e-02
-3.133921713318328639e-02
2.052700991719673060e-02
5.453454135121556245e-03
8.219252625273645169e-03
7.608584698325582089e-03
1.441806628171503173e-02
-9.095468291237251979e-03
-2.400575665893993002e-03
-7.113406061656808201e-03
-5.637239708320422767e-03
-1.162406283277248216e-02
7.908814795701426745e-03
1.822437005470315926e-03
8.261659429794858747e-03
6.876764178724393412e-03
1.369551699374249761e-02
-9.095817771791796236e-03
-2.220695257054282768e-03
-5.484121322147877606e-03
-5.053107915940415786e-03
-9.473150685819933456e-03
5.975001310535047079e-03
1.614320459105859484e-03
-4.487387062331671742e-04
5.242622811122827492e-03
-1.960375070114300441e-02
-2.741314506893942522e-03
-1.307525268142746729e-02
1.200140446807342921e-02
-6.319668492846181908e-04
1.922997872219897673e-04
-2.146024052228535581e-03
6.230005998345057930e-03
1.104669792539804147e-03
4.323660844034802990e-03
-3.561991814685096756e-03
6.572957341455622823e-04
2.655114304440234826e-04
7.659563767822167918e-04
-1.090384655073043350e-03
-3.883564887438548151e-04
-9.873685759976017981e-04
-4.768399236091064655e-06
-1.446677213699981918e-03
3.043525753507758409e-04
-3.159474075031457833e-03
4.131213032979232092e-03
1.455531530421753320e-03
-3.032883863389207024e-03
9.271225361270543771e-05
-1.706993281909606518e-03
-6.229927384568786008e-04
5.673817267136567477e-05
-6.091227930056173356e-01
2.961434457805566800e-01
2.124027207477133250e-01
4.829435950594139215e-01
-6.067713625866515137e-02
-9.405158779876199304e-02
-8.797181975149257621e-03
-2.975855864985945537e-02
-4.616306115679421479e-02
-4.299982596692854785e-03
3.652781550266644833e-02
5.632430762557495002e-02
5.413908221628437219e-03
2.461364914004367157e-04
1.257476998317605052e-02
7.900267006513115448e-03
2.966151490968189919e-03
-3.947219758683159774e-03
-5.621347786672440394e-01
2.762576033933710762e-01
1.973793098326578899e-01
4.502085007150536389e-01
-2.991795576231728176e-02
8.021139142021502244e-02
-5.495800359515301547e-02
-1.500144519135274482e-02
4.028496793526115116e-02
-2.758317152998450428e-02
1.810172956638432182e-02
-4.842336932496982271e-02
3.320883949808833835e-02
3.676837574428701294e-03
-7.065958409083888947e-03
5.407806066940791696e-03
-1.079806205699129773e-02
3.008628270137626414e-03
