-3.665725342521722219e+00
5.331585729046128819e+00
6.137098725198510962e-01
-7.515276156773992300e-01
-2.670313135621775746e+00
2.741477013259146389e+00
1.631554149954249189e+00
3.671143946280634562e+00
4.747578986623756520e-02
-2.527370988735885143e-02
2.060933290081646413e-02
7.701446884684143290e-02
-4.122502980613261536e-02
3.450298460066746759e-02
4.894436764466624651e-02
-2.683340597523133780e-02
2.492590782763396545e-02
-4.177509411068842243e-02
2.276945681747503600e-02
-2.064368336567849044e-02
-3.755561360028509404e-02
2.038670322225691681e-02
-1.816635080032451971e-02
2.032269439608363343e-02
-1.109392734175259319e-02
1.012345011653333939e-02
2.355286909796039038e-02
-1.294303519762943569e-02
1.213826708443035279e-02
3.925218442203926017e-02
4.014343281169352462e-02
6.980694812626969670e-02
1.984063828772354710e-02
-3.283321001901151615e-02
1.894301501279127553e-02
1.698019212547637047e-02
3.275778908669657596e-02
9.597891271724657419e-03
-1.861502493396353236e-02
-8.774327778681405982e-03
-7.290865949510000679e-03
-1.468836906798742792e-02
-4.240844710957251094e-03
8.789732498834150823e-03
7.175207648067615483e-03
6.132754167888364479e-03
1.197776123789452175e-02
3.385854107028082351e-03
-6.799996336838330657e-03
-8.400358925238582061e-03
-7.197853067179385902e-03
-1.412046132137728845e-02
-4.036639776379633178e-03
8.112534120703670387e-03
5.739325318871944456e-03
4.832067672471170548e-03
9.691625075194059899e-03
2.821100367428126983e-03
-5.789297593183452550e-03
-8.409263263508140809e-03
-5.330627862220729818e-03
6.242587247079418519e-03
-8.915340664371091892e-03
2.015920674713166886e-03
6.336180044319141523e-03
-2.210149582385850797e-02
2.536445481821441271e-03
2.017234291295193389e-03
-1.889767056912665215e-03
2.393913833954564377e-03
-5.471384905347367097e-04
-2.084837252664677783e-03
7.013759757070370422e-03
-3.283343430826908419e-04
-1.076776009061956255e-03
1.844872619235907781e-05
8.275839125467046586e-04
-6.460039385024375766e-05
8.341292673381391163e-04
-1.163178047376018862e-03
4.403791054599791484e-03
-1.522138204129873948e-03
4.310753920802295591e-04
1.880368993204450858e-03
9.392629218143395487e-04
9.527188602791945285e-04
-1.320703974046560588e-04
-3.918509699608917381e-03
2.385570860251432532e-04
-6.036797936291575795e-01
2.940122605223832730e-01
2.106891958361495065e-01
4.792522399785247855e-01
-1.029242529722365629e-02
2.727924545214907917e-02
-1.075710580150854023e-01
-5.072771216927821417e-03
1.342164110500878443e-02
-5.290761386536108057e-02
6.402682570598717399e-03
-1.645750156213154208e-02
6.449461301036026051e-02
3.501280799604680923e-03
1.557559074872244607e-04
-5.382545713201902782e-03
-6.463967913022646353e-03
1.265487052075352052e-02
-5.853139967132674482e-01
2.863223155890342042e-01
2.048019356227021026e-01
4.664469429048307969e-01
-8.245195888065862122e-02
2.255911746471484305e-02
6.510687333439410529e-02
-4.093765213094020111e-02
1.120337279767642975e-02
3.231298770772943890e-02
4.970208872043981735e-02
-1.364340826957995308e-02
-3.903477342665637173e-02
-1.237944241667979402e-02
-3.878121227246879299e-03
-5.687389639352777478e-03
4.044800830283129880e-03
-4.039743575253683383e-03
-3.665587831052330881e+00
5.334894621541951487e+00
6.149056724409617258e-01
-7.511395758707337666e-01
-2.675108223044539990e+00
2.746931379760997327e+00
1.634442785478221527e+00
3.677426829031637645e+00
-4.832049131086194049e-02
-1.003176011533038134e-02
-2.764008257786201156e-02
-7.755054677610759284e-02
-1.579542455672939757e-02
-4.648351237774821232e-02
-4.655912811851900535e-02
-8.613620909533888093e-03
-3.396564404655653957e-02
3.979723168416842566e-02
7.543842222604184473e-03
2.777022173253322970e-02
3.607617946653448454e-02
6.957636931466975282e-03
2.434354348541065832e-02
-1.974406884036517679e-02
-3.731485544796416844e-03
-1.385488821310655247e-02
-2.265910922573860509e-02
-4.161907207155074624e-03
-1.674002921166956731e-02
3.319620519499826700e-02
-3.801641731283422754e-02
7.262706233612845064e-02
3.380649359337277449e-02
-2.688091141323466562e-02
1.658686312696434906e-02
-1.617261740186421576e-02
3.370162481281425287e-02
1.676383813148461452e-02
-1.785725844719321387e-02
-8.127885527946613134e-03
7.193630300869251724e-03
-1.524336720972539402e-02
-7.869916282225152340e-03
8.811665845752464366e-03
6.523735706089698987e-03
-6.135532786975207188e-03
1.252960531217820958e-02
6.314005272979629491e-03
-6.439051989651868591e-03
-7.779153104040031387e-03
7.122231389654117700e-03
-1.473972356481773396e-02
-7.508223891286990893e-03
7.940421820014616563e-03
4.942758614925149216e-03
-4.783916870198267647e-03
1.009197293613408805e-02
5.036200489577649479e-03
-5.524228289530198378e-03
4.492846025562879063e-03
-8.614718224640334487e-03
-3.806386077766572406e-03
-2.633354294100702202e-03
-5.857383847618070211e-03
-6.585372130917891906e-03
2.372583126938564504e-02
-1.107144866017825604e-03
2.824211186590930289e-03
1.013329346446827268e-03
8.201598505045495924e-04
1.519827533995334566e-03
2.044447964035560599e-03
-7.606539970918918883e-03
-1.731292264491551651e-04
-5.811284069979159297e-04
5.780532610104438659e-04
2.269694101654108739e-04
4.777502739675748480e-04
9.907775173131135472e-05
1.373082191772861341e-03
4.299003997423018336e-03
-8.249623625636573129e-04
-5.510722325276483933e-05
-1.493762082050296936e-03
1.455820046667224369e-03
1.755632051669573377e-03
-1.636630666060123101e-03
1.508949928127908610e-03
1.846290203717211717e-03
-6.037399725159522390e-01
2.950754248940342106e-01
2.119171044565859030e-01
4.817570361747189889e-01
3.000963397055280736e-03
-1.517097649308391319e-02
1.117619345936862602e-01
1.386520900882606822e-03
-7.495644325427884384e-03
5.502494200430579907e-02
-1.929237038287130723e-03
9.120398761085956457e-03
-6.744097572191477818e-02
1.505805605937373661e-03
-9.830394927285272550e-04
-6.397219382743108904e-03
-3.173230823579144527e-03
1.389818970451271903e-02
-5.690300596784469978e-01
2.804493204664815775e-01
2.007467786607000926e-01
4.574430742215029322e-01
8.105643272395637866e-02
3.194864325974769437e-02
-5.898790839286829901e-02
4.055160061691898132e-02
1.600590561477333029e-02
-2.966681483666424451e-02
-4.916819000245627180e-02
-1.939491185115297528e-02
3.588693273521760541e-02
-1.156434919779602589e-02
5.922741703511514265e-03
-4.381387537467498067e-03
-4.077163262362515361e-03
-4.825092684132120321e-03
